10780
7900
10744
8036
6780
5092
8892
6780
4880
9308
10560
11284
10744
13484
6816
16380
8780
12856
8932
17700
224
6292
16660
3824
10764
16596
12944
17656
16640
12972
12716
2276
10812
2880
13408
8332
5104
12972
13356
8396
9648
14220
11828
12932
13968
11220
12496
8832
9400
11148
12804
8892
13492
14304
13916
7272
11044
12480
13484
13844
19016
10968
5592
9480
6740
17540
18524
5792
10328
15028
2800
8968
17944
15012
1968
13768
12256
16492
15368
16992
15400
8016
1716
1716
1716
1716
1716
1716
1716
14416
5564
7680
18624
14712
14784
15324
17804
10236
1716
1716
1716
6644
1716
1716
1716
1716
1716
1716
1716
1716
1716
1716
1716
1716
1716
18488
5704
7980
16488
